### s8_fp16_8192x256x512  (local Questa, headless -c/-do run -a, work.s8_opt)
### harvested 2026-09-02 before kill; benchmark COMPLETE, epilogue never terminated (no EOC)
### batch s8rescue-20260823-104749-33bd job 0013, transcript 663196789 bytes

--- phase histogram (periods) ---
    128 pre
    604 bench
   5076 pre
--- final bench period ---
[FPU] bench cyc=731000 util=0.07% cum=25.02% busy=2880/4096000 lane-cyc  grp_max=4.5%(g38) grp_min=0.0%(g0)  mshr_timeout=+0 bankfull_bypass=+0  core_spread=0/0(g0)  bar_rel=+0 bar_spread=0.0 bar_max=41038  insn_drift_intra=25/56(g38) inter=12 insn_max=331730
--- peak bench utilisation ---
cum=40.64%
--- per-group busy, final bench period ---
[FPUG] bench cyc=731000 denom=64000 busy=0,0,0,0,0,0,0,0,0,0,0,0,0,0,0,0,0,0,0,0,0,0,0,0,0,0,0,0,0,0,0,0,0,0,0,0,0,0,2880,0,0,0,0,0,0,0,0,0,0,0,0,0,0,0,0,0,0,0,0,0,0,0,0,0
--- MSHR / stall / CMS, final bench period ---
[MSHRG] bench cyc=731000 timeout=0,0,0,0,0,0,0,0,0,0,0,0,0,0,0,0,0,0,0,0,0,0,0,0,0,0,0,0,0,0,0,0,0,0,0,0,0,0,0,0,0,0,0,0,0,0,0,0,0,0,0,0,0,0,0,0,0,0,0,0,0,0,0,0 bypass=0,0,0,0,0,0,0,0,0,0,0,0,0,0,0,0,0,0,0,0,0,0,0,0,0,0,0,0,0,0,0,0,0,0,0,0,0,0,0,0,0,0,0,0,0,0,0,0,0,0,0,0,0,0,0,0,0,0,0,0,0,0,0,0
[STALLG] bench cyc=731000 denom=16000 ins=0,0,0,0,0,0,0,0,0,0,0,0,0,0,0,0,0,0,0,0,0,0,0,0,0,0,0,0,0,0,0,0,0,0,0,0,0,0,174,0,0,0,0,0,0,0,0,0,0,0,0,0,0,0,0,0,0,0,0,0,0,0,0,0 raw=0,0,0,0,0,0,0,0,0,0,0,0,0,0,0,0,0,0,0,0,0,0,0,0,0,0,0,0,0,0,0,0,0,0,0,0,0,0,540,0,0,0,0,0,0,0,0,0,0,0,0,0,0,0,0,0,0,0,0,0,0,0,0,0 lsu=0,0,0,0,0,0,0,0,0,0,0,0,0,0,0,0,0,0,0,0,0,0,0,0,0,0,0,0,0,0,0,0,0,0,0,0,0,0,3020,0,0,0,0,0,0,0,0,0,0,0,0,0,0,0,0,0,0,0,0,0,0,0,0,0 acc=0,0,0,0,0,0,0,0,0,0,0,0,0,0,0,0,0,0,0,0,0,0,0,0,0,0,0,0,0,0,0,0,0,0,0,0,0,0,9171,0,0,0,0,0,0,0,0,0,0,0,0,0,0,0,0,0,0,0,0,0,0,0,0,0 fen=0,0,0,0,0,0,0,0,0,0,0,0,0,0,0,0,0,0,0,0,0,0,0,0,0,0,0,0,0,0,0,0,0,0,0,0,0,0,0,0,0,0,0,0,0,0,0,0,0,0,0,0,0,0,0,0,0,0,0,0,0,0,0,0
[MEMOG] bench cyc=731000 memo=0,0,0,0,0,0,0,0,0,0,0,0,0,0,0,0,0,0,0,0,0,0,0,0,0,0,0,0,0,0,0,0,0,0,0,0,0,0,34256,0,0,0,0,0,0,0,0,0,0,0,0,0,0,0,0,0,0,0,0,0,0,0,0,0 memq=0,0,0,0,0,0,0,0,0,0,0,0,0,0,0,0,0,0,0,0,0,0,0,0,0,0,0,0,0,0,0,0,0,0,0,0,0,0,24833,0,0,0,0,0,0,0,0,0,0,0,0,0,0,0,0,0,0,0,0,0,0,0,0,0
[INSNG] bench cyc=731000 insn=0,0,0,0,0,0,0,0,0,0,0,0,0,0,0,0,0,0,0,0,0,0,0,0,0,0,0,0,0,0,0,0,0,0,0,0,0,0,395,0,0,0,0,0,0,0,0,0,0,0,0,0,0,0,0,0,0,0,0,0,0,0,0,0 rel=0,0,0,0,0,0,0,0,0,0,0,0,0,0,0,0,0,0,0,0,0,0,0,0,0,0,0,0,0,0,0,0,0,0,0,0,0,0,0,0,0,0,0,0,0,0,0,0,0,0,0,0,0,0,0,0,0,0,0,0,0,0,0,0
--- cache + timeout totals (last occurrence) ---
  timeouts: resp_hold=0 cache_aged=0 issue=1452   bankfull_bypass=0
  free_outcome: single subs1=0 subs2p=0 subs_sum=0 cachehit_sum=0 | burst subs1=726 subs2p=4032 subs_sum=64512
--- epilogue stall evidence ---
last bench cyc vs final cyc:
cyc=731000
cyc=5807000
EOC markers: 0
