512 32 128 16
512 32 128 32
512 32 256 16
512 32 256 32
512 64 128 16
512 64 128 32
1024 32 128 16
1024 32 128 32
512 32 512 16
512 32 512 32
512 64 256 16
512 64 256 32
512 128 128 16
512 128 128 32
1024 32 256 16
1024 32 256 32
1024 64 128 16
1024 64 128 32
2048 32 128 16
2048 32 128 32
512 32 1024 16
512 32 1024 32
512 64 512 16
512 64 512 32
512 128 256 16
512 128 256 32
512 256 128 16
512 256 128 32
1024 32 512 16
1024 32 512 32
1024 64 256 16
1024 64 256 32
1024 128 128 16
1024 128 128 32
2048 32 256 16
2048 32 256 32
2048 64 128 16
2048 64 128 32
4096 32 128 16
4096 32 128 32
512 32 2048 16
512 32 2048 32
512 64 1024 16
512 64 1024 32
512 128 512 16
512 128 512 32
512 256 256 16
512 256 256 32
512 512 128 16
512 512 128 32
1024 32 1024 16
1024 32 1024 32
1024 64 512 16
1024 64 512 32
1024 128 256 16
1024 128 256 32
1024 256 128 16
1024 256 128 32
2048 32 512 16
2048 32 512 32
2048 64 256 16
2048 64 256 32
2048 128 128 16
2048 128 128 32
4096 32 256 16
4096 32 256 32
4096 64 128 16
4096 64 128 32
8192 32 128 16
8192 32 128 32
512 64 2048 16
512 64 2048 32
512 128 1024 16
512 128 1024 32
512 256 512 16
512 256 512 32
512 512 256 16
512 512 256 32
512 1024 128 16
512 1024 128 32
1024 32 2048 16
1024 32 2048 32
1024 64 1024 16
1024 64 1024 32
1024 128 512 16
1024 128 512 32
1024 256 256 16
1024 256 256 32
1024 512 128 16
1024 512 128 32
2048 32 1024 16
2048 32 1024 32
2048 64 512 16
2048 64 512 32
2048 128 256 16
2048 128 256 32
2048 256 128 16
2048 256 128 32
4096 32 512 16
4096 32 512 32
4096 64 256 16
4096 64 256 32
4096 128 128 16
4096 128 128 32
8192 32 256 16
8192 32 256 32
8192 64 128 16
8192 64 128 32
512 128 2048 16
512 128 2048 32
512 256 1024 16
512 256 1024 32
512 512 512 16
512 512 512 32
512 1024 256 16
512 1024 256 32
512 2048 128 16
512 2048 128 32
1024 64 2048 16
1024 64 2048 32
1024 128 1024 16
1024 128 1024 32
1024 256 512 16
1024 256 512 32
1024 512 256 16
1024 512 256 32
1024 1024 128 16
1024 1024 128 32
2048 32 2048 16
2048 64 1024 16
2048 64 1024 32
2048 128 512 16
2048 128 512 32
2048 256 256 16
2048 256 256 32
2048 512 128 16
2048 512 128 32
4096 32 1024 16
4096 64 512 16
4096 64 512 32
4096 128 256 16
4096 128 256 32
4096 256 128 16
4096 256 128 32
8192 32 512 16
8192 64 256 16
8192 64 256 32
8192 128 128 16
8192 128 128 32
512 256 2048 16
512 256 2048 32
512 512 1024 16
512 512 1024 32
512 1024 512 16
512 1024 512 32
512 2048 256 16
512 2048 256 32
1024 128 2048 16
1024 128 2048 32
1024 256 1024 16
1024 256 1024 32
1024 512 512 16
1024 512 512 32
1024 1024 256 16
1024 1024 256 32
1024 2048 128 16
1024 2048 128 32
2048 64 2048 16
2048 128 1024 16
2048 128 1024 32
2048 256 512 16
2048 256 512 32
2048 512 256 16
2048 512 256 32
2048 1024 128 16
2048 1024 128 32
4096 64 1024 16
4096 128 512 16
4096 128 512 32
4096 256 256 16
4096 256 256 32
4096 512 128 16
4096 512 128 32
8192 64 512 16
8192 128 256 16
8192 128 256 32
8192 256 128 16
8192 256 128 32
512 512 2048 16
512 512 2048 32
512 1024 1024 16
512 1024 1024 32
512 2048 512 16
512 2048 512 32
1024 256 2048 16
1024 256 2048 32
1024 512 1024 16
1024 512 1024 32
1024 1024 512 16
1024 1024 512 32
1024 2048 256 16
1024 2048 256 32
2048 128 2048 16
2048 256 1024 16
2048 256 1024 32
2048 512 512 16
2048 512 512 32
2048 1024 256 16
2048 1024 256 32
2048 2048 128 16
4096 128 1024 16
4096 256 512 16
4096 256 512 32
4096 512 256 16
4096 512 256 32
4096 1024 128 16
8192 128 512 16
8192 256 256 16
8192 512 128 16
512 1024 2048 16
512 1024 2048 32
512 2048 1024 16
512 2048 1024 32
1024 512 2048 16
1024 512 2048 32
1024 1024 1024 16
1024 1024 1024 32
1024 2048 512 16
1024 2048 512 32
2048 256 2048 16
2048 512 1024 16
2048 512 1024 32
2048 1024 512 16
2048 1024 512 32
2048 2048 256 16
4096 256 1024 16
4096 512 512 16
4096 1024 256 16
8192 256 512 16
8192 512 256 16
512 2048 2048 16
1024 1024 2048 16
1024 2048 1024 16
2048 512 2048 16
2048 1024 1024 16
2048 2048 512 16
4096 512 1024 16
4096 1024 512 16
