shape           L1MB ss sb bb Ash Bsh mrg it floor      ours       ours%  baseline   base%  spdup lim
----------------------------------------------------------------------------------------------------------------
128x1024x512    2.75 10 5  1  16  1   16  1  65,536     67,693     96.8   86,902     75.4   1.28  A
256x1024x256    2.25 10 5  1  8   2   8   1  65,536     68,253     96.0   88,671     73.9   1.30  A
128x512x512     1.50 9  5  1  16  1   16  1  32,768     34,489     95.0   44,292     74.0   1.28  A
256x512x256     1.25 9  5  1  8   2   8   1  32,768     34,821     94.1   44,618     73.4   1.28  A
256x512x512     2.00 9  6  1  8   2   8   2  65,536     71,218     92.0   94,078     69.7   1.32  A
128x256x512     0.88 8  5  1  16  1   16  1  16,384     18,082     90.6   20,446     80.1   1.13  A
256x256x256     0.75 8  5  1  8   2   8   1  16,384     18,177     90.1   20,785     78.8   1.14  A
512x256x256     1.25 8  6  1  4   4   4   2  32,768     37,632     87.1   48,505     67.6   1.29  -
512x512x128     1.50 9  5  1  4   4   4   1  32,768     38,325     85.5   45,309     72.3   1.18  -
512x512x512     3.00 9  7  1  4   4   4   4  131,072    153,707    85.3   208,630    62.8   1.36  -
512x256x512     2.00 8  7  1  4   4   4   4  65,536     78,314     83.7   105,766    62.0   1.35  -
128x128x512     0.56 7  5  1  16  1   16  1  8,192      9,792      83.7   10,850     75.5   1.11  A
256x128x256     0.50 7  5  1  8   2   8   1  8,192      10,014     81.8   12,181     67.3   1.22  A
512x256x128     0.88 8  5  1  4   4   4   1  16,384     20,155     81.3   21,352     76.7   1.06  -
512x128x256     0.88 7  6  1  4   4   4   2  16,384     20,307     80.7   26,010     63.0   1.28  -
512x128x512     1.50 7  7  1  4   4   4   4  32,768     42,767     76.6   55,859     58.7   1.31  -
512x128x128     0.56 7  5  1  4   4   4   1  8,192      11,111     73.7   12,553     65.3   1.13  -
256x64x256      0.38 6  5  1  8   2   8   1  4,096      6,050      67.7   7,203      56.9   1.19  A
512x64x256      0.69 6  6  1  4   4   4   2  8,192      12,183     67.2   16,223     50.5   1.33  -
512x64x512      1.25 6  7  1  4   4   4   4  16,384     24,616     66.6   30,198     54.3   1.23  -
256x32x512      0.59 5  6  1  8   2   8   2  4,096      6,752      60.7   7,901      51.8   1.17  A
512x32x512      1.12 5  7  1  4   4   4   4  8,192      16,238     50.4   16,884     48.5   1.04  -
256x32x256      0.31 5  5  1  8   2   8   1  2,048      4,081      50.2   3,919      52.3   0.96  A
512x1024x128    2.75 10 5  1  4   4   4   1  65,536     173,949    37.7   92,340     71.0   0.53  -
2048x128x128    2.06 7  7  1  1   16  16  4  32,768     99,202     33.0   62,703     52.3   0.63  B
1024x256x256    2.25 8  7  1  2   8   8   4  65,536     229,609    28.5   107,489    61.0   0.47  B
1024x128x128    1.06 7  6  1  2   8   8   2  16,384     59,820     27.4   28,185     58.1   0.47  B
1024x256x512    3.50 8  8  1  2   8   8   8  131,072    549,575    23.8   254,603    51.5   0.46  B
1024x128x512    2.75 7  8  1  2   8   8   8  65,536     278,128    23.6   132,103    49.6   0.47  B

29 shapes | geomean all=1.01x  non-B=1.17x  B-limited=0.50x
21 win / 2 flat / 6 regress | best util 128x1024x512 96.8%
